# Created by Octave 4.2.1, Tue Apr 10 14:39:22 2018 EDT <nicolasgarcia@nog-dell>
# name: testData1
# type: matrix
# rows: 4
# columns: 2
 215 1
 1251 2
 7422 5
 5351 4


